A (4, 4) =
10 -3 -3 -2
-3 8 -3 -1
-3 -3 11 -2
-2 -1 -2 8
B (4, 4) =
0 0 0 0
0 0 0 0
0 0 0 0
0 0 0 0
A^T (4, 4) =
10 -3 -3 -2
-3 8 -3 -1
-3 -3 11 -2
-2 -1 -2 8
|A| =
3231
a.normalizeRow() =
0.905357 -0.271607 -0.271607 -0.181071
-0.329293 0.878114 -0.329293 -0.109764
-0.250873 -0.250873 0.919866 -0.167248
-0.234082 -0.117041 -0.234082 0.936329
a.normalizeCol() =
0.905357 -0.329293 -0.250873 -0.234082
-0.271607 0.878114 -0.250873 -0.117041
-0.271607 -0.329293 0.919866 -0.234082
-0.181071 -0.109764 -0.167248 0.936329
A^* =
577 364 305 266
364 700 338 263
305 338 514 247
266 263 247 565
A^-1 =
0.178582 0.112659 0.094398 0.0823275
0.112659 0.216651 0.104612 0.0813989
0.094398 0.104612 0.159084 0.0764469
0.0823275 0.0813989 0.0764469 0.174868
A + B (4, 4) =
10 -3 -3 -2
-3 8 -3 -1
-3 -3 11 -2
-2 -1 -2 8
A - B (4, 4) =
10 -3 -3 -2
-3 8 -3 -1
-3 -3 11 -2
-2 -1 -2 8
A * B (4, 4) =
0 0 0 0
0 0 0 0
0 0 0 0
0 0 0 0
toTex(A) =
\left[ \begin{array}{cccc}10.000000 & -3.000000 & -3.000000 & -2.000000 \\ -3.000000 & 8.000000 & -3.000000 & -1.000000 \\ -3.000000 & -3.000000 & 11.000000 & -2.000000 \\ -2.000000 & -1.000000 & -2.000000 & 8.000000\end{array} \right]
